0,425
0,424
0,423
0,422
0,421
52,3
52,2
0,420
52,1
52,0
0,419
0,418
0,417
0,416
51,4
0,415
0,414
0,413
51,3
51,2
0,412
51,1
51,0
0,411
0,410
0,409
0,408
0,407
0,406
50,4
0,405
0,404
50,3
50,2
50,1
50,0
0,403
49,4
49,3
49,2
49,1
49,0
48,3
48,2
48,1
48,0
33,4
33,2
33,0
0,402
0,401
0,400
36,2
36,0
34,4
34,2
34,0
34,1
34,3
32,2
32,0
0,399
0,398
35,4
35,2
35,0
0,397
0,396
0,278
0,395
0,394
0,393
0,392
0,386
0,273
0,270
47,4
47,3
47,2
47,1
47,0
46,3
46,2
0,9
46,1
46,0
45,35
3,1
3,3
10,97
10,33
10,87
10,253
10,157
10,221
10,69
